 #
   0 100.00000000000   0.00000000000   0.00000000000   0.00000000000   0.00000000000   1.00000000000   0.00000000000
   1  99.00000000000   0.00000038593   0.00000000000   0.00000038593   0.00000000000   1.00000000000   0.00000000000
   2  98.00000000000   0.00000043731   0.00000000000   0.00000043731   0.00000000000   1.00000000000   0.00000000000
   3  97.00000000000   0.00000049554   0.00000000000   0.00000049554   0.00000000000   1.00000000000   0.00000000000
   4  96.00000000000   0.00000056152   0.00000000000   0.00000056152   0.00000000000   1.00000000000   0.00000000000
   5  95.00000000000   0.00000063629   0.00000000000   0.00000063629   0.00000000000   1.00000000000   0.00000000000
   6  94.00000000000   0.00000072101   0.00000000000   0.00000072101   0.00000000000   1.00000000000   0.00000000000
   7  93.00000000000   0.00000081701   0.00000000000   0.00000081701   0.00000000000   1.00000000000   0.00000000000
   8  92.00000000000   0.00000092579   0.00000000000   0.00000092579   0.00000000000   1.00000000000   0.00000000000
   9  91.00000000000   0.00000104906   0.00000000000   0.00000104906   0.00000000000   1.00000000000   0.00000000000
  10  90.00000000000   0.00000118874   0.00000000000   0.00000118874   0.00000000000   1.00000000000   0.00000000000
  11  89.00000000000   0.00000134702   0.00000000000   0.00000134702   0.00000000000   1.00000000000   0.00000000000
  12  88.00000000000   0.00000152637   0.00000000000   0.00000152637   0.00000000000   1.00000000000   0.00000000000
  13  87.00000000000   0.00000172960   0.00000000000   0.00000172960   0.00000000000   1.00000000000   0.00000000000
  14  86.00000000000   0.00000195990   0.00000000000   0.00000195990   0.00000000000   1.00000000000   0.00000000000
  15  85.00000000000   0.00000222085   0.00000000000   0.00000222085   0.00000000000   1.00000000000   0.00000000000
  16  84.00000000000   0.00000251656   0.00000000000   0.00000251656   0.00000000000   1.00000000000   0.00000000000
  17  83.00000000000   0.00000285163   0.00000000000   0.00000285163   0.00000000000   1.00000000000   0.00000000000
  18  82.00000000000   0.00000323132   0.00000000000   0.00000323132   0.00000000000   1.00000000000   0.00000000000
  19  81.00000000000   0.00000366157   0.00000000000   0.00000366157   0.00000000000   1.00000000000   0.00000000000
  20  80.00000000000   0.00000414910   0.00000000000   0.00000414910   0.00000000000   1.00000000000   0.00000000000
  21  79.00000000000   0.00000470155   0.00000000000   0.00000470155   0.00000000000   1.00000000000   0.00000000000
  22  78.00000000000   0.00000532755   0.00000000000   0.00000532755   0.00000000000   1.00000000000   0.00000000000
  23  77.00000000000   0.00000603690   0.00000000000   0.00000603690   0.00000000000   1.00000000000   0.00000000000
  24  76.00000000000   0.00000684071   0.00000000000   0.00000684071   0.00000000000   1.00000000000   0.00000000000
  25  75.00000000000   0.00000775154   0.00000000000   0.00000775154   0.00000000000   1.00000000000   0.00000000000
  26  74.00000000000   0.00000878364   0.00000000000   0.00000878364   0.00000000000   1.00000000000   0.00000000000
  27  73.00000000000   0.00000995317   0.00000000000   0.00000995317   0.00000000000   1.00000000000   0.00000000000
  28  72.00000000000   0.00001127842   0.00000000000   0.00001127842   0.00000000000   1.00000000000   0.00000000000
  29  71.00000000000   0.00001278013   0.00000000000   0.00001278013   0.00000000000   1.00000000000   0.00000000000
  30  70.00000000000   0.00001448178   0.00000000000   0.00001448178   0.00000000000   1.00000000000   0.00000000000
  31  69.00000000000   0.00001641001   0.00000000000   0.00001641001   0.00000000000   1.00000000000   0.00000000000
  32  68.00000000000   0.00001859497   0.00000000000   0.00001859497   0.00000000000   1.00000000000   0.00000000000
  33  67.00000000000   0.00002107087   0.00000000000   0.00002107087   0.00000000000   1.00000000000   0.00000000000
  34  66.00000000000   0.00002387642   0.00000000000   0.00002387642   0.00000000000   1.00000000000   0.00000000000
  35  65.00000000000   0.00002705553   0.00000000000   0.00002705553   0.00000000000   1.00000000000   0.00000000000
  36  64.00000000000   0.00003065793   0.00000000000   0.00003065793   0.00000000000   1.00000000000   0.00000000000
  37  63.00000000000   0.00003473999   0.00000000000   0.00003473999   0.00000000000   1.00000000000   0.00000000000
  38  62.00000000000   0.00003936556   0.00000000000   0.00003936556   0.00000000000   1.00000000000   0.00000000000
  39  61.00000000000   0.00004460702   0.00000000000   0.00004460702   0.00000000000   1.00000000000   0.00000000000
  40  60.00000000000   0.00005054638   0.00000000000   0.00005054638   0.00000000000   1.00000000000   0.00000000000
  41  59.00000000000   0.00005727655   0.00000000000   0.00005727655   0.00000000000   1.00000000000   0.00000000000
  42  58.00000000000   0.00006490284   0.00000000000   0.00006490284   0.00000000000   1.00000000000   0.00000000000
  43  57.00000000000   0.00007354455   0.00000000000   0.00007354455   0.00000000000   1.00000000000   0.00000000000
  44  56.00000000000   0.00008333689   0.00000000000   0.00008333689   0.00000000000   1.00000000000   0.00000000000
  45  55.00000000000   0.00009443307   0.00000000000   0.00009443307   0.00000000000   1.00000000000   0.00000000000
  46  54.00000000000   0.00010700669   0.00000000000   0.00010700669   0.00000000000   1.00000000000   0.00000000000
  47  53.00000000000   0.00012125446   0.00000000000   0.00012125446   0.00000000000   1.00000000000   0.00000000000
  48  52.00000000000   0.00013739931   0.00000000000   0.00013739931   0.00000000000   1.00000000000   0.00000000000
  49  51.00000000000   0.00015569381   0.00000000000   0.00015569381   0.00000000000   1.00000000000   0.00000000000
  50  50.00000000000   0.00017642420   0.00000000000   0.00017642420   0.00000000000   1.00000000000   0.00000000000
  51  49.00000000000   0.00019991481   0.00000000000   0.00019991481   0.00000000000   1.00000000000   0.00000000000
  52  48.00000000000   0.00022653316   0.00000000000   0.00022653316   0.00000000000   1.00000000000   0.00000000000
  53  47.00000000000   0.00025669570   0.00000000000   0.00025669570   0.00000000000   1.00000000000   0.00000000000
  54  46.00000000000   0.00029087433   0.00000000000   0.00029087433   0.00000000000   1.00000000000   0.00000000000
  55  45.00000000000   0.00032960382   0.00000000000   0.00032960382   0.00000000000   1.00000000000   0.00000000000
  56  44.00000000000   0.00037349004   0.00000000000   0.00037349004   0.00000000000   1.00000000000   0.00000000000
  57  43.00000000000   0.00042321967   0.00000000000   0.00042321967   0.00000000000   1.00000000000   0.00000000000
  58  42.00000000000   0.00047957071   0.00000000000   0.00047957071   0.00000000000   1.00000000000   0.00000000000
  59  41.00000000000   0.00054342480   0.00000000000   0.00054342480   0.00000000000   1.00000000000   0.00000000000
  60  40.00000000000   0.00061578100   0.00000000000   0.00061578100   0.00000000000   1.00000000000   0.00000000000
  61  39.00000000000   0.00069777126   0.00000000000   0.00069777126   0.00000000000   1.00000000000   0.00000000000
  62  38.00000000000   0.00079067843   0.00000000000   0.00079067843   0.00000000000   1.00000000000   0.00000000000
  63  37.00000000000   0.00089595601   0.00000000000   0.00089595601   0.00000000000   1.00000000000   0.00000000000
  64  36.00000000000   0.00101525115   0.00000000000   0.00101525115   0.00000000000   1.00000000000   0.00000000000
  65  35.00000000000   0.00115043030   0.00000000000   0.00115043030   0.00000000000   1.00000000000   0.00000000000
  66  34.00000000000   0.00130360830   0.00000000000   0.00130360830   0.00000000000   1.00000000000   0.00000000000
  67  33.00000000000   0.00147718180   0.00000000000   0.00147718180   0.00000000000   1.00000000000   0.00000000000
  68  32.00000000000   0.00167386630   0.00000000000   0.00167386630   0.00000000000   1.00000000000   0.00000000000
  69  31.00000000000   0.00189673889   0.00000000000   0.00189673889   0.00000000000   1.00000000000   0.00000000000
  70  30.00000000000   0.00214928668   0.00000000000   0.00214928668   0.00000000000   1.00000000000   0.00000000000
  71  29.00000000000   0.00243546092   0.00000000000   0.00243546092   0.00000000000   1.00000000000   0.00000000000
  72  28.00000000000   0.00275973883   0.00000000000   0.00275973883   0.00000000000   1.00000000000   0.00000000000
  73  27.00000000000   0.00312719378   0.00000000000   0.00312719378   0.00000000000   1.00000000000   0.00000000000
  74  26.00000000000   0.00354357483   0.00000000000   0.00354357483   0.00000000000   1.00000000000   0.00000000000
  75  25.00000000000   0.00401539635   0.00000000000   0.00401539635   0.00000000000   1.00000000000   0.00000000000
  76  24.00000000000   0.00455004023   0.00000000000   0.00455004023   0.00000000000   1.00000000000   0.00000000000
  77  23.00000000000   0.00515587116   0.00000000000   0.00515587116   0.00000000000   1.00000000000   0.00000000000
  78  22.00000000000   0.00584236719   0.00000000000   0.00584236719   0.00000000000   1.00000000000   0.00000000000
  79  21.00000000000   0.00662026927   0.00000000000   0.00662026927   0.00000000000   1.00000000000   0.00000000000
  80  20.00000000000   0.00750174792   0.00000000000   0.00750174792   0.00000000000   1.00000000000   0.00000000000
  81  19.00000000000   0.00850059371   0.00000000000   0.00850059371   0.00000000000   1.00000000000   0.00000000000
  82  18.00000000000   0.00963243470   0.00000000000   0.00963243470   0.00000000000   1.00000000000   0.00000000000
  83  17.00000000000   0.01091497857   0.00000000000   0.01091497857   0.00000000000   1.00000000000   0.00000000000
  84  16.00000000000   0.01236829162   0.00000000000   0.01236829162   0.00000000000   1.00000000000   0.00000000000
  85  15.00000000000   0.01401511021   0.00000000000   0.01401511021   0.00000000000   1.00000000000   0.00000000000
  86  14.00000000000   0.01588120125   0.00000000000   0.01588120125   0.00000000000   1.00000000000   0.00000000000
  87  13.00000000000   0.01799575798   0.00000000000   0.01799575798   0.00000000000   1.00000000000   0.00000000000
  88  12.00000000000   0.02039186470   0.00000000000   0.02039186470   0.00000000000   1.00000000000   0.00000000000
  89  11.00000000000   0.02310701087   0.00000000000   0.02310701087   0.00000000000   1.00000000000   0.00000000000
  90  10.00000000000   0.02618367411   0.00000000000   0.02618367411   0.00000000000   1.00000000000   0.00000000000
  91   9.00000000000   0.02966998890   0.00000000000   0.02966998890   0.00000000000   1.00000000000   0.00000000000
  92   8.00000000000   0.03362050280   0.00000000000   0.03362050280   0.00000000000   1.00000000000   0.00000000000
  93   7.00000000000   0.03809702024   0.00000000000   0.03809702024   0.00000000000   1.00000000000   0.00000000000
  94   6.00000000000   0.04316958040   0.00000000000   0.04316958040   0.00000000000   1.00000000000   0.00000000000
  95   5.00000000000   0.04891754314   0.00000000000   0.04891754314   0.00000000000   1.00000000000   0.00000000000
  96   4.00000000000   0.05543083698   0.00000000000   0.05543083698   0.00000000000   1.00000000000   0.00000000000
  97   3.00000000000   0.06281136721   0.00000000000   0.06281136721   0.00000000000   1.00000000000   0.00000000000
  98   2.00000000000   0.07117460668   0.00000000000   0.07117460668   0.00000000000   1.00000000000   0.00000000000
  99   1.00000000000   0.08065139502   0.00000000000   0.08065139502   0.00000000000   1.00000000000   0.00000000000
 100   0.00000000000   0.09138999879   0.10000000149   0.19139000773   0.90302747488   0.09697254002   0.00000000000
