#n	alt	hmol		haer		h		xdel		ydel
0	100.00000000000	0.00000087949	0.00000000000	0.00000087949	0.00000000000	1.00000000000
1	99.00000000000	0.00000099659	0.00000000000	0.00000099659	0.00000000000	1.00000000000
2	98.00000000000	0.00000112929	0.00000000000	0.00000112929	0.00000000000	1.00000000000
3	97.00000000000	0.00000127965	0.00000000000	0.00000127965	0.00000000000	1.00000000000
4	96.00000000000	0.00000145003	0.00000000000	0.00000145003	0.00000000000	1.00000000000
5	95.00000000000	0.00000164310	0.00000000000	0.00000164310	0.00000000000	1.00000000000
6	94.00000000000	0.00000186188	0.00000000000	0.00000186188	0.00000000000	1.00000000000
7	93.00000000000	0.00000210979	0.00000000000	0.00000210979	0.00000000000	1.00000000000
8	92.00000000000	0.00000239070	0.00000000000	0.00000239070	0.00000000000	1.00000000000
9	91.00000000000	0.00000270902	0.00000000000	0.00000270902	0.00000000000	1.00000000000
10	90.00000000000	0.00000306972	0.00000000000	0.00000306972	0.00000000000	1.00000000000
11	89.00000000000	0.00000347845	0.00000000000	0.00000347845	0.00000000000	1.00000000000
12	88.00000000000	0.00000394160	0.00000000000	0.00000394160	0.00000000000	1.00000000000
13	87.00000000000	0.00000446642	0.00000000000	0.00000446642	0.00000000000	1.00000000000
14	86.00000000000	0.00000506112	0.00000000000	0.00000506112	0.00000000000	1.00000000000
15	85.00000000000	0.00000573500	0.00000000000	0.00000573500	0.00000000000	1.00000000000
16	84.00000000000	0.00000649860	0.00000000000	0.00000649860	0.00000000000	1.00000000000
17	83.00000000000	0.00000736388	0.00000000000	0.00000736388	0.00000000000	1.00000000000
18	82.00000000000	0.00000834437	0.00000000000	0.00000834437	0.00000000000	1.00000000000
19	81.00000000000	0.00000945541	0.00000000000	0.00000945541	0.00000000000	1.00000000000
20	80.00000000000	0.00001071438	0.00000000000	0.00001071438	0.00000000000	1.00000000000
21	79.00000000000	0.00001214099	0.00000000000	0.00001214099	0.00000000000	1.00000000000
22	78.00000000000	0.00001375754	0.00000000000	0.00001375754	0.00000000000	1.00000000000
23	77.00000000000	0.00001558934	0.00000000000	0.00001558934	0.00000000000	1.00000000000
24	76.00000000000	0.00001766503	0.00000000000	0.00001766503	0.00000000000	1.00000000000
25	75.00000000000	0.00002001710	0.00000000000	0.00002001710	0.00000000000	1.00000000000
26	74.00000000000	0.00002268235	0.00000000000	0.00002268235	0.00000000000	1.00000000000
27	73.00000000000	0.00002570247	0.00000000000	0.00002570247	0.00000000000	1.00000000000
28	72.00000000000	0.00002912471	0.00000000000	0.00002912471	0.00000000000	1.00000000000
29	71.00000000000	0.00003300262	0.00000000000	0.00003300262	0.00000000000	1.00000000000
30	70.00000000000	0.00003739687	0.00000000000	0.00003739687	0.00000000000	1.00000000000
31	69.00000000000	0.00004237621	0.00000000000	0.00004237621	0.00000000000	1.00000000000
32	68.00000000000	0.00004801854	0.00000000000	0.00004801854	0.00000000000	1.00000000000
33	67.00000000000	0.00005441213	0.00000000000	0.00005441213	0.00000000000	1.00000000000
34	66.00000000000	0.00006165702	0.00000000000	0.00006165702	0.00000000000	1.00000000000
35	65.00000000000	0.00006986656	0.00000000000	0.00006986656	0.00000000000	1.00000000000
36	64.00000000000	0.00007916918	0.00000000000	0.00007916918	0.00000000000	1.00000000000
37	63.00000000000	0.00008971043	0.00000000000	0.00008971043	0.00000000000	1.00000000000
38	62.00000000000	0.00010165524	0.00000000000	0.00010165524	0.00000000000	1.00000000000
39	61.00000000000	0.00011519048	0.00000000000	0.00011519048	0.00000000000	1.00000000000
40	60.00000000000	0.00013052791	0.00000000000	0.00013052791	0.00000000000	1.00000000000
41	59.00000000000	0.00014790750	0.00000000000	0.00014790750	0.00000000000	1.00000000000
42	58.00000000000	0.00016760116	0.00000000000	0.00016760116	0.00000000000	1.00000000000
43	57.00000000000	0.00018991699	0.00000000000	0.00018991699	0.00000000000	1.00000000000
44	56.00000000000	0.00021520414	0.00000000000	0.00021520414	0.00000000000	1.00000000000
45	55.00000000000	0.00024385825	0.00000000000	0.00024385825	0.00000000000	1.00000000000
46	54.00000000000	0.00027632760	0.00000000000	0.00027632760	0.00000000000	1.00000000000
47	53.00000000000	0.00031312017	0.00000000000	0.00031312017	0.00000000000	1.00000000000
48	52.00000000000	0.00035481164	0.00000000000	0.00035481164	0.00000000000	1.00000000000
49	51.00000000000	0.00040205428	0.00000000000	0.00040205428	0.00000000000	1.00000000000
50	50.00000000000	0.00045558717	0.00000000000	0.00045558717	0.00000000000	1.00000000000
51	49.00000000000	0.00051624788	0.00000000000	0.00051624788	0.00000000000	1.00000000000
52	48.00000000000	0.00058498554	0.00000000000	0.00058498554	0.00000000000	1.00000000000
53	47.00000000000	0.00066287542	0.00000000000	0.00066287542	0.00000000000	1.00000000000
54	46.00000000000	0.00075113628	0.00000000000	0.00075113628	0.00000000000	1.00000000000
55	45.00000000000	0.00085114891	0.00000000000	0.00085114891	0.00000000000	1.00000000000
56	44.00000000000	0.00096447807	0.00000000000	0.00096447807	0.00000000000	1.00000000000
57	43.00000000000	0.00109289680	0.00000000000	0.00109289680	0.00000000000	1.00000000000
58	42.00000000000	0.00123841432	0.00000000000	0.00123841432	0.00000000000	1.00000000000
59	41.00000000000	0.00140330731	0.00000000000	0.00140330731	0.00000000000	1.00000000000
60	40.00000000000	0.00159015553	0.00000000000	0.00159015553	0.00000000000	1.00000000000
61	39.00000000000	0.00180188229	0.00000000000	0.00180188229	0.00000000000	1.00000000000
62	38.00000000000	0.00204180018	0.00000000000	0.00204180018	0.00000000000	1.00000000000
63	37.00000000000	0.00231366255	0.00000000000	0.00231366255	0.00000000000	1.00000000000
64	36.00000000000	0.00262172311	0.00000000000	0.00262172311	0.00000000000	1.00000000000
65	35.00000000000	0.00297080167	0.00000000000	0.00297080167	0.00000000000	1.00000000000
66	34.00000000000	0.00336635928	0.00000000000	0.00336635928	0.00000000000	1.00000000000
67	33.00000000000	0.00381458481	0.00000000000	0.00381458481	0.00000000000	1.00000000000
68	32.00000000000	0.00432249065	0.00000000000	0.00432249065	0.00000000000	1.00000000000
69	31.00000000000	0.00489802379	0.00000000000	0.00489802379	0.00000000000	1.00000000000
70	30.00000000000	0.00555018801	0.00000000000	0.00555018801	0.00000000000	1.00000000000
71	29.00000000000	0.00628918689	0.00000000000	0.00628918689	0.00000000000	1.00000000000
72	28.00000000000	0.00712658232	0.00000000000	0.00712658232	0.00000000000	1.00000000000
73	27.00000000000	0.00807547569	0.00000000000	0.00807547569	0.00000000000	1.00000000000
74	26.00000000000	0.00915071275	0.00000000000	0.00915071275	0.00000000000	1.00000000000
75	25.00000000000	0.01036911644	0.00000000000	0.01036911644	0.00000000000	1.00000000000
76	24.00000000000	0.01174974814	0.00000000000	0.01174974814	0.00000000000	1.00000000000
77	23.00000000000	0.01331420895	0.00000000000	0.01331420895	0.00000000000	1.00000000000
78	22.00000000000	0.01508697495	0.00000000000	0.01508697495	0.00000000000	1.00000000000
79	21.00000000000	0.01709578186	0.00000000000	0.01709578186	0.00000000000	1.00000000000
80	20.00000000000	0.01937205903	0.00000000000	0.01937205903	0.00000000000	1.00000000000
81	19.00000000000	0.02195142023	0.00000000000	0.02195142023	0.00000000000	1.00000000000
82	18.00000000000	0.02487421781	0.00000000000	0.02487421781	0.00000000000	1.00000000000
83	17.00000000000	0.02818617970	0.00000000000	0.02818617970	0.00000000000	1.00000000000
84	16.00000000000	0.03193912655	0.00000000000	0.03193912655	0.00000000000	1.00000000000
85	15.00000000000	0.03619177267	0.00000000000	0.03619177267	0.00000000000	1.00000000000
86	14.00000000000	0.04101065174	0.00000000000	0.04101065174	0.00000000000	1.00000000000
87	13.00000000000	0.04647115618	0.00000000000	0.04647115618	0.00000000000	1.00000000000
88	12.00000000000	0.05265871808	0.00000000000	0.05265871808	0.00000000000	1.00000000000
89	11.00000000000	0.05967014283	0.00000000000	0.05967014283	0.00000000000	1.00000000000
90	10.00000000000	0.06761512905	0.00000000000	0.06761512905	0.00000000000	1.00000000000
91	9.00000000000	0.07661798596	0.00000000000	0.07661798596	0.00000000000	1.00000000000
92	8.00000000000	0.08681954443	0.00000000000	0.08681954443	0.00000000000	1.00000000000
93	7.00000000000	0.09837943316	0.00000000000	0.09837943316	0.00000000000	1.00000000000
94	6.00000000000	0.11147850752	0.00000000000	0.11147850752	0.00000000000	1.00000000000
95	5.00000000000	0.12632170320	0.00000000000	0.12632170320	0.00000000000	1.00000000000
96	4.00000000000	0.14314123988	0.00000000000	0.14314123988	0.00000000000	1.00000000000
97	3.00000000000	0.16220027208	0.00000000000	0.16220027208	0.00000000000	1.00000000000
98	2.00000	0.18379698480	0.00000000000	0.18379698480	0.00000000000	1.00000000000
99	1.60000	0.19322045773	0.00000000000	0.19322045773	0.00000000000	1.00000000000
100	1.20000	0.20312708244	0.00000000000	0.20312708244	0.00000000000	1.00000000000
101	0.80000	0.21354163066	0.00000000000	0.21354163066	0.00000000000	1.00000000000
102	0.40000	0.22449014418	0.00000000000	0.22449014418	0.00000000000	1.00000000000
103	0.00000	0.23600000000	0.00000000000	0.23600000000	0.00000000000	1.00000000000
