# chlorophyll concentration: 1.0
# wavelength: 490.0
# total absorption coefficient: 0.0472757974908
# total scattering coefficient: 0.131525055531
# truncating at 5.0 deg
0.000000 66.425128 66.425128 0.018085 0.000000
0.180180 66.425128 66.425128 0.018085 0.000000
0.360360 66.425128 66.425127 0.018085 0.000000
0.540541 66.425128 66.425126 0.018085 0.000000
0.720721 66.425128 66.425125 0.018084 0.000000
0.900901 66.425128 66.425123 0.018083 0.000000
1.081081 66.425128 66.425122 0.018082 0.000000
1.261261 66.425128 66.425119 0.018081 0.000000
1.441441 66.425128 66.425117 0.018080 0.000000
1.621622 66.425128 66.425113 0.018078 0.000000
1.801802 66.425128 66.425110 0.018076 0.000000
1.981982 66.425128 66.425106 0.018075 0.000000
2.162162 66.425128 66.425102 0.018072 0.000000
2.342342 66.425128 66.425098 0.018070 0.000000
2.522523 66.425128 66.425093 0.018068 0.000000
2.702703 66.425128 66.425088 0.018065 0.000000
2.882883 66.425128 66.425082 0.018062 0.000000
3.063063 66.425128 66.425076 0.018059 0.000000
3.243243 66.425128 66.425070 0.018056 0.000000
3.423423 66.425128 66.425063 0.018053 0.000000
3.603604 66.425128 66.425057 0.018050 0.000000
3.783784 66.425128 66.425049 0.018046 0.000000
3.963964 66.425128 66.425042 0.018042 0.000000
4.144144 66.425128 66.425034 0.018038 0.000000
4.324324 66.425128 66.425025 0.018034 0.000000
4.504505 66.425128 66.425016 0.018029 0.000000
4.684685 66.425128 66.425007 0.018025 0.000000
4.864865 66.425128 66.424998 0.018020 0.000000
5.045045 61.150418 61.150278 0.018015 0.000000
5.225225 56.434562 56.434412 0.018010 0.000000
5.405405 52.203847 52.203687 0.018005 0.000000
5.585586 48.396138 48.395967 0.017999 0.000000
5.765766 44.958778 44.958596 0.017994 0.000000
5.945946 41.846920 41.846726 0.017988 0.000000
6.126126 39.022188 39.021982 0.017982 0.000000
6.306306 36.451597 36.451379 0.017976 0.000000
6.486486 34.106680 34.106449 0.017970 0.000000
6.666667 31.962771 31.962527 0.017963 0.000000
6.846847 29.998418 29.998161 0.017956 0.000000
7.027027 28.194899 28.194628 0.017949 0.000000
7.207207 26.535820 26.535535 0.017942 0.000000
7.387387 25.006780 25.006481 0.017935 0.000000
7.567568 23.595091 23.594777 0.017928 0.000000
7.747748 22.289540 22.289212 0.017920 0.000000
7.927928 21.080195 21.079851 0.017912 0.000000
8.108108 19.958231 19.957871 0.017905 0.000000
8.288288 18.915788 18.915412 0.017896 0.000000
8.468468 17.945851 17.945459 0.017888 0.000000
8.648649 17.042144 17.041735 0.017880 0.000000
8.828829 16.199037 16.198611 0.017871 0.000000
9.009009 15.411473 15.411030 0.017862 0.000000
9.189189 14.674898 14.674437 0.017853 0.000000
9.369369 13.985204 13.984725 0.017844 0.000000
9.549550 13.338678 13.338180 0.017835 0.000000
9.729730 12.731956 12.731440 0.017825 0.000000
9.909910 12.161990 12.161454 0.017815 0.000000
10.090090 11.626009 11.625454 0.017806 0.000000
10.270270 11.121491 11.120916 0.017796 0.000000
10.450450 10.646138 10.645543 0.017785 0.000000
10.630631 10.197852 10.197237 0.017775 0.000000
10.810811 9.774716 9.774080 0.017764 0.000000
10.990991 9.374975 9.374317 0.017754 0.000000
11.171171 8.997018 8.996339 0.017743 0.000000
11.351351 8.639370 8.638669 0.017732 0.000000
11.531532 8.300671 8.299949 0.017720 0.000000
11.711712 7.979675 7.978929 0.017709 0.000000
11.891892 7.675228 7.674460 0.017697 0.000000
12.072072 7.386271 7.385480 0.017685 0.000000
12.252252 7.111822 7.111008 0.017673 0.000000
12.432432 6.850976 6.850137 0.017661 0.000000
12.612613 6.602893 6.602031 0.017649 0.000000
12.792793 6.366798 6.365911 0.017636 0.000000
12.972973 6.141969 6.141058 0.017624 0.000000
13.153153 5.927738 5.926801 0.017611 0.000000
13.333333 5.723483 5.722521 0.017598 0.000000
13.513514 5.528627 5.527640 0.017585 0.000000
13.693694 5.342632 5.341618 0.017571 0.000000
13.873874 5.164996 5.163956 0.017558 0.000000
14.054054 4.995252 4.994186 0.017544 0.000000
14.234234 4.832965 4.831872 0.017530 0.000000
14.414414 4.677726 4.676606 0.017516 0.000000
14.594595 4.529156 4.528008 0.017502 0.000000
14.774775 4.386897 4.385721 0.017487 0.000000
14.954955 4.250617 4.249412 0.017473 0.000000
15.135135 4.120002 4.118769 0.017458 0.000000
15.315315 3.994760 3.993499 0.017443 0.000000
15.495495 3.874617 3.873326 0.017428 0.000000
15.675676 3.759313 3.757993 0.017413 0.000000
15.855856 3.648606 3.647256 0.017397 0.000000
16.036036 3.542270 3.540890 0.017382 0.000000
16.216216 3.440088 3.438677 0.017366 0.000000
16.396396 3.341859 3.340418 0.017350 0.000000
16.576577 3.247393 3.245921 0.017334 0.000000
16.756757 3.156510 3.155007 0.017317 0.000000
16.936937 3.069042 3.067508 0.017301 0.000000
17.117117 2.984829 2.983263 0.017284 0.000000
17.297297 2.903721 2.902122 0.017267 0.000000
17.477477 2.825574 2.823943 0.017250 0.000000
17.657658 2.750254 2.748590 0.017233 0.000000
17.837838 2.677635 2.675938 0.017216 0.000000
18.018018 2.607596 2.605865 0.017198 0.000000
18.198198 2.540022 2.538258 0.017181 0.000000
18.378378 2.474806 2.473008 0.017163 0.000000
18.558559 2.411846 2.410014 0.017145 0.000000
18.738739 2.351044 2.349177 0.017127 0.000000
18.918919 2.292308 2.290407 0.017108 0.000000
19.099099 2.235551 2.233615 0.017090 0.000000
19.279279 2.180691 2.178719 0.017071 0.000000
19.459459 2.127647 2.125640 0.017052 0.000000
19.639640 2.076346 2.074303 0.017033 0.000000
19.819820 2.026716 2.024637 0.017014 0.000000
20.000000 1.978689 1.976574 0.016995 0.000000
20.180180 1.932202 1.930049 0.016975 0.000000
20.360360 1.887191 1.885002 0.016955 0.000000
20.540541 1.843600 1.841374 0.016936 0.000000
20.720721 1.801373 1.799109 0.016916 0.000000
20.900901 1.760456 1.758154 0.016895 0.000000
21.081081 1.720798 1.718458 0.016875 0.000000
21.261261 1.682352 1.679974 0.016854 0.000000
21.441441 1.645072 1.642655 0.016834 0.000000
21.621622 1.608912 1.606457 0.016813 0.000000
21.801802 1.573833 1.571338 0.016792 0.000000
21.981982 1.539792 1.537258 0.016771 0.000000
22.162162 1.506753 1.504179 0.016749 0.000000
22.342342 1.474678 1.472064 0.016728 0.000000
22.522523 1.443532 1.440878 0.016706 0.000000
22.702703 1.413282 1.410588 0.016684 0.000000
22.882883 1.383895 1.381161 0.016662 0.000000
23.063063 1.355342 1.352567 0.016640 0.000000
23.243243 1.327592 1.324776 0.016617 0.000000
23.423423 1.300618 1.297760 0.016595 0.000000
23.603604 1.274391 1.271492 0.016572 0.000000
23.783784 1.248888 1.245946 0.016549 0.000000
23.963964 1.224082 1.221098 0.016526 0.000000
24.144144 1.199950 1.196924 0.016503 0.000000
24.324324 1.176469 1.173401 0.016480 0.000000
24.504505 1.153617 1.150506 0.016456 0.000000
24.684685 1.131374 1.128220 0.016433 0.000000
24.864865 1.109719 1.106521 0.016409 0.000000
25.045045 1.088632 1.085391 0.016385 0.000000
25.225225 1.068095 1.064810 0.016361 0.000000
25.405405 1.048091 1.044762 0.016336 0.000000
25.585586 1.028601 1.025228 0.016312 0.000000
25.765766 1.009610 1.006192 0.016287 0.000000
25.945946 0.991101 0.987639 0.016262 0.000000
26.126126 0.973060 0.969553 0.016237 0.000000
26.306306 0.955471 0.951919 0.016212 0.000000
26.486486 0.938320 0.934723 0.016187 0.000000
26.666667 0.921594 0.917951 0.016162 0.000000
26.846847 0.905280 0.901591 0.016136 0.000000
27.027027 0.889365 0.885630 0.016110 0.000000
27.207207 0.873836 0.870056 0.016084 0.000000
27.387387 0.858683 0.854856 0.016058 0.000000
27.567568 0.843893 0.840019 0.016032 0.000000
27.747748 0.829456 0.825536 0.016006 0.000000
27.927928 0.815361 0.811394 0.015979 0.000000
28.108108 0.801599 0.797585 0.015952 0.000000
28.288288 0.788159 0.784097 0.015925 0.000000
28.468468 0.775032 0.770923 0.015898 0.000000
28.648649 0.762209 0.758052 0.015871 0.000000
28.828829 0.749681 0.745476 0.015844 0.000000
29.009009 0.737439 0.733186 0.015816 0.000000
29.189189 0.725476 0.721174 0.015789 0.000000
29.369369 0.713783 0.709433 0.015761 0.000000
29.549550 0.702354 0.697955 0.015733 0.000000
29.729730 0.691179 0.686732 0.015705 0.000000
29.909910 0.680253 0.675756 0.015677 0.000000
30.090090 0.669568 0.665022 0.015648 0.000000
30.270270 0.659119 0.654523 0.015620 0.000000
30.450450 0.648897 0.644252 0.015591 0.000000
30.630631 0.638897 0.634203 0.015562 0.000000
30.810811 0.629114 0.624369 0.015533 0.000000
30.990991 0.619540 0.614745 0.015504 0.000000
31.171171 0.610171 0.605326 0.015474 0.000000
31.351351 0.601002 0.596106 0.015445 0.000000
31.531532 0.592025 0.587079 0.015415 0.000000
31.711712 0.583238 0.578241 0.015385 0.000000
31.891892 0.574634 0.569586 0.015355 0.000000
32.072072 0.566209 0.561110 0.015325 0.000000
32.252252 0.557958 0.552808 0.015295 0.000000
32.432432 0.549877 0.544675 0.015264 0.000000
32.612613 0.541961 0.536708 0.015234 0.000000
32.792793 0.534206 0.528901 0.015203 0.000000
32.972973 0.526608 0.521251 0.015172 0.000000
33.153153 0.519163 0.513755 0.015141 0.000000
33.333333 0.511868 0.506407 0.015110 0.000000
33.513514 0.504717 0.499204 0.015079 0.000000
33.693694 0.497708 0.492143 0.015047 0.000000
33.873874 0.490838 0.485220 0.015016 0.000000
34.054054 0.484102 0.478431 0.014984 0.000000
34.234234 0.477498 0.471774 0.014952 0.000000
34.414414 0.471022 0.465245 0.014920 0.000000
34.594595 0.464671 0.458841 0.014888 0.000000
34.774775 0.458442 0.452559 0.014855 0.000000
34.954955 0.452332 0.446395 0.014823 0.000000
35.135135 0.446338 0.440348 0.014790 0.000000
35.315315 0.440458 0.434415 0.014757 0.000000
35.495495 0.434689 0.428592 0.014724 0.000000
35.675676 0.429028 0.422877 0.014691 0.000000
35.855856 0.423472 0.417267 0.014658 0.000000
36.036036 0.418020 0.411761 0.014625 0.000000
36.216216 0.412668 0.406355 0.014591 0.000000
36.396396 0.407415 0.401047 0.014557 0.000000
36.576577 0.402258 0.395836 0.014524 0.000000
36.756757 0.397194 0.390718 0.014490 0.000000
36.936937 0.392223 0.385692 0.014456 0.000000
37.117117 0.387341 0.380755 0.014421 0.000000
37.297297 0.382546 0.375906 0.014387 0.000000
37.477477 0.377837 0.371142 0.014352 0.000000
37.657658 0.373212 0.366462 0.014318 0.000000
37.837838 0.368669 0.361864 0.014283 0.000000
38.018018 0.364206 0.357345 0.014248 0.000000
38.198198 0.359821 0.352905 0.014213 0.000000
38.378378 0.355512 0.348541 0.014178 0.000000
38.558559 0.351278 0.344252 0.014142 0.000000
38.738739 0.347118 0.340036 0.014107 0.000000
38.918919 0.343029 0.335891 0.014071 0.000000
39.099099 0.339010 0.331816 0.014035 0.000000
39.279279 0.335059 0.327810 0.013999 0.000000
39.459459 0.331176 0.323871 0.013963 0.000000
39.639640 0.327358 0.319997 0.013927 0.000000
39.819820 0.323604 0.316188 0.013891 0.000000
40.000000 0.319913 0.312441 0.013854 0.000000
40.180180 0.316284 0.308755 0.013818 0.000000
40.360360 0.312714 0.305130 0.013781 0.000000
40.540541 0.309204 0.301563 0.013744 0.000000
40.720721 0.305752 0.298055 0.013707 0.000000
40.900901 0.302356 0.294602 0.013670 0.000000
41.081081 0.299015 0.291205 0.013632 0.000000
41.261261 0.295728 0.287862 0.013595 0.000000
41.441441 0.292495 0.284573 0.013557 0.000000
41.621622 0.289313 0.281335 0.013520 0.000000
41.801802 0.286183 0.278148 0.013482 0.000000
41.981982 0.283102 0.275010 0.013444 0.000000
42.162162 0.280071 0.271922 0.013406 0.000000
42.342342 0.277087 0.268882 0.013367 0.000000
42.522523 0.274150 0.265888 0.013329 0.000000
42.702703 0.271259 0.262941 0.013291 0.000000
42.882883 0.268413 0.260038 0.013252 0.000000
43.063063 0.265612 0.257180 0.013213 0.000000
43.243243 0.262853 0.254365 0.013174 0.000000
43.423423 0.260138 0.251592 0.013135 0.000000
43.603604 0.257464 0.248862 0.013096 0.000000
43.783784 0.254830 0.246172 0.013057 0.000000
43.963964 0.252237 0.243522 0.013017 0.000000
44.144144 0.249683 0.240911 0.012978 0.000000
44.324324 0.247168 0.238339 0.012938 0.000000
44.504505 0.244690 0.235804 0.012898 0.000000
44.684685 0.242250 0.233307 0.012858 0.000000
44.864865 0.239846 0.230846 0.012818 0.000000
45.045045 0.237477 0.228420 0.012778 0.000000
45.225225 0.235144 0.226030 0.012738 0.000000
45.405405 0.232845 0.223674 0.012697 0.000000
45.585586 0.230579 0.221352 0.012657 0.000000
45.765766 0.228347 0.219062 0.012616 0.000000
45.945946 0.226147 0.216806 0.012575 0.000000
46.126126 0.223979 0.214581 0.012534 0.000000
46.306306 0.221842 0.212387 0.012493 0.000000
46.486486 0.219736 0.210224 0.012452 0.000000
46.666667 0.217660 0.208091 0.012411 0.000000
46.846847 0.215613 0.205988 0.012369 0.000000
47.027027 0.213596 0.203914 0.012328 0.000000
47.207207 0.211607 0.201868 0.012286 0.000000
47.387387 0.209646 0.199851 0.012244 0.000000
47.567568 0.207713 0.197861 0.012203 0.000000
47.747748 0.205806 0.195898 0.012161 0.000000
47.927928 0.203927 0.193961 0.012118 0.000000
48.108108 0.202073 0.192051 0.012076 0.000000
48.288288 0.200245 0.190166 0.012034 0.000000
48.468468 0.198442 0.188307 0.011991 0.000000
48.648649 0.196663 0.186472 0.011949 0.000000
48.828829 0.194909 0.184662 0.011906 0.000000
49.009009 0.193179 0.182875 0.011863 0.000000
49.189189 0.191472 0.181112 0.011820 0.000000
49.369369 0.189788 0.179372 0.011777 0.000000
49.549550 0.188127 0.177655 0.011734 0.000000
49.729730 0.186489 0.175960 0.011690 0.000000
49.909910 0.184872 0.174287 0.011647 0.000000
50.090090 0.183276 0.172635 0.011603 0.000000
50.270270 0.181702 0.171005 0.011560 0.000000
50.450450 0.180148 0.169395 0.011516 0.000000
50.630631 0.178615 0.167806 0.011472 0.000000
50.810811 0.177102 0.166238 0.011428 0.000000
50.990991 0.175609 0.164689 0.011384 0.000000
51.171171 0.174135 0.163159 0.011339 0.000000
51.351351 0.172680 0.161649 0.011295 0.000000
51.531532 0.171244 0.160157 0.011251 0.000000
51.711712 0.169826 0.158684 0.011206 0.000000
51.891892 0.168427 0.157230 0.011161 0.000000
52.072072 0.167045 0.155793 0.011117 0.000000
52.252252 0.165681 0.154374 0.011072 0.000000
52.432432 0.164334 0.152972 0.011027 0.000000
52.612613 0.163005 0.151587 0.010981 0.000000
52.792793 0.161692 0.150220 0.010936 0.000000
52.972973 0.160395 0.148868 0.010891 0.000000
53.153153 0.159115 0.147533 0.010845 0.000000
53.333333 0.157851 0.146214 0.010800 0.000000
53.513514 0.156602 0.144911 0.010754 0.000000
53.693694 0.155369 0.143624 0.010708 0.000000
53.873874 0.154151 0.142352 0.010662 0.000000
54.054054 0.152948 0.141094 0.010616 0.000000
54.234234 0.151759 0.139852 0.010570 0.000000
54.414414 0.150585 0.138624 0.010524 0.000000
54.594595 0.149426 0.137411 0.010478 0.000000
54.774775 0.148280 0.136212 0.010431 0.000000
54.954955 0.147149 0.135026 0.010385 0.000000
55.135135 0.146030 0.133855 0.010338 0.000000
55.315315 0.144926 0.132697 0.010292 0.000000
55.495495 0.143834 0.131552 0.010245 0.000000
55.675676 0.142756 0.130421 0.010198 0.000000
55.855856 0.141690 0.129302 0.010151 0.000000
56.036036 0.140637 0.128196 0.010104 0.000000
56.216216 0.139596 0.127103 0.010057 0.000000
56.396396 0.138568 0.126022 0.010009 0.000000
56.576577 0.137551 0.124953 0.009962 0.000000
56.756757 0.136547 0.123896 0.009914 0.000000
56.936937 0.135554 0.122851 0.009867 0.000000
57.117117 0.134573 0.121818 0.009819 0.000000
57.297297 0.133603 0.120796 0.009771 0.000000
57.477477 0.132644 0.119786 0.009723 0.000000
57.657658 0.131696 0.118787 0.009675 0.000000
57.837838 0.130759 0.117798 0.009627 0.000000
58.018018 0.129833 0.116821 0.009579 0.000000
58.198198 0.128917 0.115854 0.009531 0.000000
58.378378 0.128012 0.114898 0.009482 0.000000
58.558559 0.127117 0.113952 0.009434 0.000000
58.738739 0.126232 0.113017 0.009385 0.000000
58.918919 0.125357 0.112091 0.009337 0.000000
59.099099 0.124491 0.111176 0.009288 0.000000
59.279279 0.123636 0.110270 0.009239 0.000000
59.459459 0.122790 0.109374 0.009190 0.000000
59.639640 0.121953 0.108488 0.009141 0.000000
59.819820 0.121126 0.107611 0.009092 0.000000
60.000000 0.120308 0.106744 0.009043 0.000000
60.180180 0.119498 0.105885 0.008993 0.000000
60.360360 0.118698 0.105036 0.008944 0.000000
60.540541 0.117906 0.104195 0.008895 0.000000
60.720721 0.117123 0.103364 0.008845 0.000000
60.900901 0.116349 0.102541 0.008795 0.000000
61.081081 0.115583 0.101726 0.008746 0.000000
61.261261 0.114825 0.100921 0.008696 0.000000
61.441441 0.114075 0.100123 0.008646 0.000000
61.621622 0.113334 0.099334 0.008596 0.000000
61.801802 0.112600 0.098553 0.008546 0.000000
61.981982 0.111874 0.097780 0.008496 0.000000
62.162162 0.111156 0.097015 0.008445 0.000000
62.342342 0.110446 0.096257 0.008395 0.000000
62.522523 0.109743 0.095508 0.008345 0.000000
62.702703 0.109047 0.094766 0.008294 0.000000
62.882883 0.108359 0.094032 0.008243 0.000000
63.063063 0.107678 0.093305 0.008193 0.000000
63.243243 0.107005 0.092585 0.008142 0.000000
63.423423 0.106338 0.091873 0.008091 0.000000
63.603604 0.105678 0.091167 0.008040 0.000000
63.783784 0.105025 0.090469 0.007989 0.000000
63.963964 0.104379 0.089778 0.007938 0.000000
64.144144 0.103740 0.089094 0.007887 0.000000
64.324324 0.103107 0.088417 0.007836 0.000000
64.504505 0.102481 0.087746 0.007785 0.000000
64.684685 0.101861 0.087082 0.007733 0.000000
64.864865 0.101247 0.086425 0.007682 0.000000
65.045045 0.100640 0.085774 0.007630 0.000000
65.225225 0.100039 0.085129 0.007579 0.000000
65.405405 0.099444 0.084491 0.007527 0.000000
65.585586 0.098855 0.083859 0.007475 0.000000
65.765766 0.098272 0.083233 0.007423 0.000000
65.945946 0.097695 0.082614 0.007372 0.000000
66.126126 0.097123 0.082000 0.007320 0.000000
66.306306 0.096558 0.081393 0.007268 0.000000
66.486486 0.095998 0.080791 0.007215 0.000000
66.666667 0.095443 0.080195 0.007163 0.000000
66.846847 0.094895 0.079605 0.007111 0.000000
67.027027 0.094351 0.079021 0.007059 0.000000
67.207207 0.093813 0.078442 0.007006 0.000000
67.387387 0.093281 0.077869 0.006954 0.000000
67.567568 0.092753 0.077301 0.006901 0.000000
67.747748 0.092231 0.076739 0.006849 0.000000
67.927928 0.091714 0.076182 0.006796 0.000000
68.108108 0.091202 0.075631 0.006743 0.000000
68.288288 0.090695 0.075085 0.006690 0.000000
68.468468 0.090193 0.074544 0.006638 0.000000
68.648649 0.089696 0.074008 0.006585 0.000000
68.828829 0.089203 0.073477 0.006532 0.000000
69.009009 0.088716 0.072951 0.006479 0.000000
69.189189 0.088233 0.072431 0.006425 0.000000
69.369369 0.087755 0.071915 0.006372 0.000000
69.549550 0.087281 0.071404 0.006319 0.000000
69.729730 0.086813 0.070898 0.006266 0.000000
69.909910 0.086348 0.070397 0.006212 0.000000
70.090090 0.085888 0.069900 0.006159 0.000000
70.270270 0.085432 0.069408 0.006105 0.000000
70.450450 0.084981 0.068921 0.006052 0.000000
70.630631 0.084534 0.068438 0.005998 0.000000
70.810811 0.084091 0.067960 0.005944 0.000000
70.990991 0.083653 0.067486 0.005891 0.000000
71.171171 0.083219 0.067017 0.005837 0.000000
71.351351 0.082788 0.066552 0.005783 0.000000
71.531532 0.082362 0.066092 0.005729 0.000000
71.711712 0.081940 0.065636 0.005675 0.000000
71.891892 0.081522 0.065184 0.005621 0.000000
72.072072 0.081108 0.064736 0.005567 0.000000
72.252252 0.080697 0.064292 0.005513 0.000000
72.432432 0.080291 0.063853 0.005459 0.000000
72.612613 0.079888 0.063418 0.005404 0.000000
72.792793 0.079489 0.062986 0.005350 0.000000
72.972973 0.079094 0.062559 0.005296 0.000000
73.153153 0.078702 0.062136 0.005241 0.000000
73.333333 0.078314 0.061716 0.005187 0.000000
73.513514 0.077930 0.061301 0.005132 0.000000
73.693694 0.077549 0.060889 0.005078 0.000000
73.873874 0.077172 0.060482 0.005023 0.000000
74.054054 0.076798 0.060077 0.004969 0.000000
74.234234 0.076427 0.059677 0.004914 0.000000
74.414414 0.076060 0.059281 0.004859 0.000000
74.594595 0.075697 0.058888 0.004804 0.000000
74.774775 0.075337 0.058499 0.004749 0.000000
74.954955 0.074980 0.058113 0.004695 0.000000
75.135135 0.074626 0.057731 0.004640 0.000000
75.315315 0.074276 0.057352 0.004585 0.000000
75.495495 0.073928 0.056977 0.004530 0.000000
75.675676 0.073584 0.056606 0.004474 0.000000
75.855856 0.073243 0.056238 0.004419 0.000000
76.036036 0.072905 0.055873 0.004364 0.000000
76.216216 0.072571 0.055512 0.004309 0.000000
76.396396 0.072239 0.055154 0.004254 0.000000
76.576577 0.071910 0.054799 0.004198 0.000000
76.756757 0.071584 0.054448 0.004143 0.000000
76.936937 0.071262 0.054100 0.004088 0.000000
77.117117 0.070942 0.053755 0.004032 0.000000
77.297297 0.070625 0.053414 0.003977 0.000000
77.477477 0.070310 0.053075 0.003921 0.000000
77.657658 0.069999 0.052740 0.003866 0.000000
77.837838 0.069691 0.052408 0.003810 0.000000
78.018018 0.069385 0.052079 0.003755 0.000000
78.198198 0.069082 0.051753 0.003699 0.000000
78.378378 0.068781 0.051430 0.003643 0.000000
78.558559 0.068484 0.051110 0.003588 0.000000
78.738739 0.068189 0.050793 0.003532 0.000000
78.918919 0.067897 0.050479 0.003476 0.000000
79.099099 0.067607 0.050168 0.003420 0.000000
79.279279 0.067320 0.049860 0.003364 0.000000
79.459459 0.067035 0.049555 0.003308 0.000000
79.639640 0.066753 0.049253 0.003252 0.000000
79.819820 0.066474 0.048953 0.003196 0.000000
80.000000 0.066197 0.048657 0.003140 0.000000
80.180180 0.065922 0.048363 0.003084 0.000000
80.360360 0.065650 0.048072 0.003028 0.000000
80.540541 0.065380 0.047784 0.002972 0.000000
80.720721 0.065113 0.047498 0.002916 0.000000
80.900901 0.064848 0.047215 0.002860 0.000000
81.081081 0.064586 0.046935 0.002804 0.000000
81.261261 0.064325 0.046658 0.002748 0.000000
81.441441 0.064067 0.046383 0.002691 0.000000
81.621622 0.063812 0.046111 0.002635 0.000000
81.801802 0.063559 0.045841 0.002579 0.000000
81.981982 0.063307 0.045574 0.002523 0.000000
82.162162 0.063059 0.045309 0.002466 0.000000
82.342342 0.062812 0.045048 0.002410 0.000000
82.522523 0.062567 0.044788 0.002354 0.000000
82.702703 0.062325 0.044531 0.002297 0.000000
82.882883 0.062085 0.044277 0.002241 0.000000
83.063063 0.061847 0.044025 0.002184 0.000000
83.243243 0.061611 0.043776 0.002128 0.000000
83.423423 0.061377 0.043529 0.002071 0.000000
83.603604 0.061145 0.043284 0.002015 0.000000
83.783784 0.060915 0.043042 0.001958 0.000000
83.963964 0.060688 0.042802 0.001902 0.000000
84.144144 0.060462 0.042565 0.001845 0.000000
84.324324 0.060238 0.042330 0.001789 0.000000
84.504505 0.060017 0.042097 0.001732 0.000000
84.684685 0.059797 0.041867 0.001675 0.000000
84.864865 0.059579 0.041639 0.001619 0.000000
85.045045 0.059363 0.041413 0.001562 0.000000
85.225225 0.059149 0.041189 0.001505 0.000000
85.405405 0.058937 0.040968 0.001449 0.000000
85.585586 0.058727 0.040749 0.001392 0.000000
85.765766 0.058519 0.040532 0.001335 0.000000
85.945946 0.058312 0.040317 0.001279 0.000000
86.126126 0.058107 0.040105 0.001222 0.000000
86.306306 0.057905 0.039894 0.001165 0.000000
86.486486 0.057703 0.039686 0.001108 0.000000
86.666667 0.057504 0.039480 0.001052 0.000000
86.846847 0.057307 0.039276 0.000995 0.000000
87.027027 0.057111 0.039074 0.000938 0.000000
87.207207 0.056917 0.038875 0.000881 0.000000
87.387387 0.056725 0.038677 0.000824 0.000000
87.567568 0.056534 0.038481 0.000768 0.000000
87.747748 0.056345 0.038288 0.000711 0.000000
87.927928 0.056158 0.038096 0.000654 0.000000
88.108108 0.055973 0.037907 0.000597 0.000000
88.288288 0.055789 0.037720 0.000540 0.000000
88.468468 0.055607 0.037534 0.000483 0.000000
88.648649 0.055426 0.037351 0.000427 0.000000
88.828829 0.055247 0.037169 0.000370 0.000000
89.009009 0.055070 0.036990 0.000313 0.000000
89.189189 0.054894 0.036812 0.000256 0.000000
89.369369 0.054720 0.036637 0.000199 0.000000
89.549550 0.054547 0.036463 0.000142 0.000000
89.729730 0.054376 0.036291 0.000085 0.000000
89.909910 0.054207 0.036121 0.000028 0.000000
90.090090 0.054039 0.035953 -0.000028 0.000000
90.270270 0.053872 0.035787 -0.000085 0.000000
90.450450 0.053707 0.035623 -0.000142 0.000000
90.630631 0.053544 0.035460 -0.000199 0.000000
90.810811 0.053382 0.035300 -0.000256 0.000000
90.990991 0.053221 0.035141 -0.000313 0.000000
91.171171 0.053062 0.034984 -0.000370 0.000000
91.351351 0.052904 0.034829 -0.000427 0.000000
91.531532 0.052748 0.034676 -0.000483 0.000000
91.711712 0.052593 0.034524 -0.000540 0.000000
91.891892 0.052440 0.034374 -0.000597 0.000000
92.072072 0.052288 0.034226 -0.000654 0.000000
92.252252 0.052137 0.034080 -0.000711 0.000000
92.432432 0.051988 0.033935 -0.000768 0.000000
92.612613 0.051840 0.033793 -0.000824 0.000000
92.792793 0.051694 0.033651 -0.000881 0.000000
92.972973 0.051549 0.033512 -0.000938 0.000000
93.153153 0.051405 0.033374 -0.000995 0.000000
93.333333 0.051263 0.033238 -0.001052 0.000000
93.513514 0.051121 0.033104 -0.001108 0.000000
93.693694 0.050982 0.032971 -0.001165 0.000000
93.873874 0.050843 0.032840 -0.001222 0.000000
94.054054 0.050706 0.032711 -0.001279 0.000000
94.234234 0.050570 0.032583 -0.001335 0.000000
94.414414 0.050435 0.032457 -0.001392 0.000000
94.594595 0.050302 0.032332 -0.001449 0.000000
94.774775 0.050169 0.032209 -0.001505 0.000000
94.954955 0.050038 0.032088 -0.001562 0.000000
95.135135 0.049909 0.031968 -0.001619 0.000000
95.315315 0.049780 0.031850 -0.001675 0.000000
95.495495 0.049653 0.031734 -0.001732 0.000000
95.675676 0.049527 0.031618 -0.001789 0.000000
95.855856 0.049402 0.031505 -0.001845 0.000000
96.036036 0.049278 0.031393 -0.001902 0.000000
96.216216 0.049156 0.031283 -0.001958 0.000000
96.396396 0.049035 0.031174 -0.002015 0.000000
96.576577 0.048914 0.031066 -0.002071 0.000000
96.756757 0.048795 0.030960 -0.002128 0.000000
96.936937 0.048677 0.030856 -0.002184 0.000000
97.117117 0.048561 0.030753 -0.002241 0.000000
97.297297 0.048445 0.030652 -0.002297 0.000000
97.477477 0.048331 0.030552 -0.002354 0.000000
97.657658 0.048217 0.030453 -0.002410 0.000000
97.837838 0.048105 0.030356 -0.002466 0.000000
98.018018 0.047994 0.030260 -0.002523 0.000000
98.198198 0.047884 0.030166 -0.002579 0.000000
98.378378 0.047775 0.030073 -0.002635 0.000000
98.558559 0.047667 0.029982 -0.002691 0.000000
98.738739 0.047560 0.029892 -0.002748 0.000000
98.918919 0.047454 0.029803 -0.002804 0.000000
99.099099 0.047349 0.029716 -0.002860 0.000000
99.279279 0.047246 0.029630 -0.002916 0.000000
99.459459 0.047143 0.029546 -0.002972 0.000000
99.639640 0.047041 0.029463 -0.003028 0.000000
99.819820 0.046941 0.029381 -0.003084 0.000000
100.000000 0.046841 0.029301 -0.003140 0.000000
100.180180 0.046742 0.029222 -0.003196 0.000000
100.360360 0.046645 0.029144 -0.003252 0.000000
100.540541 0.046548 0.029068 -0.003308 0.000000
100.720721 0.046452 0.028993 -0.003364 0.000000
100.900901 0.046358 0.028919 -0.003420 0.000000
101.081081 0.046264 0.028847 -0.003476 0.000000
101.261261 0.046171 0.028776 -0.003532 0.000000
101.441441 0.046080 0.028706 -0.003588 0.000000
101.621622 0.045989 0.028637 -0.003643 0.000000
101.801802 0.045899 0.028570 -0.003699 0.000000
101.981982 0.045810 0.028504 -0.003755 0.000000
102.162162 0.045722 0.028440 -0.003810 0.000000
102.342342 0.045635 0.028376 -0.003866 0.000000
102.522523 0.045549 0.028314 -0.003921 0.000000
102.702703 0.045464 0.028253 -0.003977 0.000000
102.882883 0.045379 0.028193 -0.004032 0.000000
103.063063 0.045296 0.028135 -0.004088 0.000000
103.243243 0.045213 0.028077 -0.004143 0.000000
103.423423 0.045132 0.028021 -0.004198 0.000000
103.603604 0.045051 0.027966 -0.004254 0.000000
103.783784 0.044971 0.027913 -0.004309 0.000000
103.963964 0.044892 0.027860 -0.004364 0.000000
104.144144 0.044814 0.027809 -0.004419 0.000000
104.324324 0.044737 0.027759 -0.004474 0.000000
104.504505 0.044660 0.027710 -0.004530 0.000000
104.684685 0.044585 0.027662 -0.004585 0.000000
104.864865 0.044510 0.027615 -0.004640 0.000000
105.045045 0.044436 0.027569 -0.004695 0.000000
105.225225 0.044363 0.027525 -0.004749 0.000000
105.405405 0.044291 0.027482 -0.004804 0.000000
105.585586 0.044219 0.027440 -0.004859 0.000000
105.765766 0.044149 0.027399 -0.004914 0.000000
105.945946 0.044079 0.027359 -0.004969 0.000000
106.126126 0.044010 0.027320 -0.005023 0.000000
106.306306 0.043942 0.027282 -0.005078 0.000000
106.486486 0.043874 0.027246 -0.005132 0.000000
106.666667 0.043808 0.027210 -0.005187 0.000000
106.846847 0.043742 0.027176 -0.005241 0.000000
107.027027 0.043677 0.027142 -0.005296 0.000000
107.207207 0.043613 0.027110 -0.005350 0.000000
107.387387 0.043549 0.027079 -0.005404 0.000000
107.567568 0.043486 0.027048 -0.005459 0.000000
107.747748 0.043424 0.027019 -0.005513 0.000000
107.927928 0.043363 0.026991 -0.005567 0.000000
108.108108 0.043302 0.026964 -0.005621 0.000000
108.288288 0.043243 0.026938 -0.005675 0.000000
108.468468 0.043183 0.026913 -0.005729 0.000000
108.648649 0.043125 0.026889 -0.005783 0.000000
108.828829 0.043068 0.026866 -0.005837 0.000000
109.009009 0.043011 0.026844 -0.005891 0.000000
109.189189 0.042954 0.026823 -0.005944 0.000000
109.369369 0.042899 0.026803 -0.005998 0.000000
109.549550 0.042844 0.026784 -0.006052 0.000000
109.729730 0.042790 0.026766 -0.006105 0.000000
109.909910 0.042737 0.026749 -0.006159 0.000000
110.090090 0.042684 0.026733 -0.006212 0.000000
110.270270 0.042632 0.026718 -0.006266 0.000000
110.450450 0.042581 0.026703 -0.006319 0.000000
110.630631 0.042530 0.026690 -0.006372 0.000000
110.810811 0.042480 0.026678 -0.006425 0.000000
110.990991 0.042431 0.026666 -0.006479 0.000000
111.171171 0.042382 0.026656 -0.006532 0.000000
111.351351 0.042334 0.026646 -0.006585 0.000000
111.531532 0.042287 0.026638 -0.006638 0.000000
111.711712 0.042240 0.026630 -0.006690 0.000000
111.891892 0.042194 0.026623 -0.006743 0.000000
112.072072 0.042149 0.026617 -0.006796 0.000000
112.252252 0.042104 0.026612 -0.006849 0.000000
112.432432 0.042060 0.026608 -0.006901 0.000000
112.612613 0.042016 0.026605 -0.006954 0.000000
112.792793 0.041974 0.026602 -0.007006 0.000000
112.972973 0.041931 0.026601 -0.007059 0.000000
113.153153 0.041890 0.026600 -0.007111 0.000000
113.333333 0.041849 0.026600 -0.007163 0.000000
113.513514 0.041808 0.026602 -0.007215 0.000000
113.693694 0.041768 0.026603 -0.007268 0.000000
113.873874 0.041729 0.026606 -0.007320 0.000000
114.054054 0.041690 0.026610 -0.007372 0.000000
114.234234 0.041652 0.026614 -0.007423 0.000000
114.414414 0.041615 0.026619 -0.007475 0.000000
114.594595 0.041578 0.026625 -0.007527 0.000000
114.774775 0.041542 0.026632 -0.007579 0.000000
114.954955 0.041506 0.026640 -0.007630 0.000000
115.135135 0.041471 0.026648 -0.007682 0.000000
115.315315 0.041436 0.026657 -0.007733 0.000000
115.495495 0.041402 0.026668 -0.007785 0.000000
115.675676 0.041368 0.026678 -0.007836 0.000000
115.855856 0.041336 0.026690 -0.007887 0.000000
116.036036 0.041303 0.026702 -0.007938 0.000000
116.216216 0.041271 0.026715 -0.007989 0.000000
116.396396 0.041240 0.026729 -0.008040 0.000000
116.576577 0.041209 0.026744 -0.008091 0.000000
116.756757 0.041179 0.026759 -0.008142 0.000000
116.936937 0.041149 0.026775 -0.008193 0.000000
117.117117 0.041120 0.026792 -0.008243 0.000000
117.297297 0.041091 0.026810 -0.008294 0.000000
117.477477 0.041063 0.026828 -0.008345 0.000000
117.657658 0.041035 0.026847 -0.008395 0.000000
117.837838 0.041008 0.026867 -0.008445 0.000000
118.018018 0.040982 0.026887 -0.008496 0.000000
118.198198 0.040955 0.026908 -0.008546 0.000000
118.378378 0.040930 0.026930 -0.008596 0.000000
118.558559 0.040905 0.026952 -0.008646 0.000000
118.738739 0.040880 0.026976 -0.008696 0.000000
118.918919 0.040856 0.026999 -0.008746 0.000000
119.099099 0.040832 0.027024 -0.008795 0.000000
119.279279 0.040809 0.027049 -0.008845 0.000000
119.459459 0.040786 0.027075 -0.008895 0.000000
119.639640 0.040764 0.027102 -0.008944 0.000000
119.819820 0.040742 0.027129 -0.008993 0.000000
120.000000 0.040721 0.027157 -0.009043 0.000000
120.180180 0.040700 0.027185 -0.009092 0.000000
120.360360 0.040679 0.027214 -0.009141 0.000000
120.540541 0.040659 0.027244 -0.009190 0.000000
120.720721 0.040640 0.027274 -0.009239 0.000000
120.900901 0.040621 0.027305 -0.009288 0.000000
121.081081 0.040602 0.027337 -0.009337 0.000000
121.261261 0.040584 0.027369 -0.009385 0.000000
121.441441 0.040566 0.027402 -0.009434 0.000000
121.621622 0.040549 0.027435 -0.009482 0.000000
121.801802 0.040532 0.027469 -0.009531 0.000000
121.981982 0.040515 0.027503 -0.009579 0.000000
122.162162 0.040499 0.027539 -0.009627 0.000000
122.342342 0.040484 0.027574 -0.009675 0.000000
122.522523 0.040468 0.027611 -0.009723 0.000000
122.702703 0.040454 0.027647 -0.009771 0.000000
122.882883 0.040439 0.027685 -0.009819 0.000000
123.063063 0.040425 0.027723 -0.009867 0.000000
123.243243 0.040412 0.027761 -0.009914 0.000000
123.423423 0.040398 0.027800 -0.009962 0.000000
123.603604 0.040386 0.027840 -0.010009 0.000000
123.783784 0.040373 0.027880 -0.010057 0.000000
123.963964 0.040361 0.027920 -0.010104 0.000000
124.144144 0.040349 0.027962 -0.010151 0.000000
124.324324 0.040338 0.028003 -0.010198 0.000000
124.504505 0.040327 0.028045 -0.010245 0.000000
124.684685 0.040317 0.028088 -0.010292 0.000000
124.864865 0.040307 0.028131 -0.010338 0.000000
125.045045 0.040297 0.028175 -0.010385 0.000000
125.225225 0.040288 0.028219 -0.010431 0.000000
125.405405 0.040278 0.028264 -0.010478 0.000000
125.585586 0.040270 0.028309 -0.010524 0.000000
125.765766 0.040261 0.028354 -0.010570 0.000000
125.945946 0.040254 0.028400 -0.010616 0.000000
126.126126 0.040246 0.028447 -0.010662 0.000000
126.306306 0.040239 0.028494 -0.010708 0.000000
126.486486 0.040232 0.028541 -0.010754 0.000000
126.666667 0.040225 0.028589 -0.010800 0.000000
126.846847 0.040219 0.028637 -0.010845 0.000000
127.027027 0.040213 0.028686 -0.010891 0.000000
127.207207 0.040207 0.028735 -0.010936 0.000000
127.387387 0.040202 0.028785 -0.010981 0.000000
127.567568 0.040197 0.028835 -0.011027 0.000000
127.747748 0.040193 0.028885 -0.011072 0.000000
127.927928 0.040188 0.028936 -0.011117 0.000000
128.108108 0.040184 0.028987 -0.011161 0.000000
128.288288 0.040181 0.029039 -0.011206 0.000000
128.468468 0.040177 0.029091 -0.011251 0.000000
128.648649 0.040174 0.029143 -0.011295 0.000000
128.828829 0.040172 0.029196 -0.011339 0.000000
129.009009 0.040169 0.029249 -0.011384 0.000000
129.189189 0.040167 0.029303 -0.011428 0.000000
129.369369 0.040165 0.029357 -0.011472 0.000000
129.549550 0.040164 0.029411 -0.011516 0.000000
129.729730 0.040162 0.029466 -0.011560 0.000000
129.909910 0.040161 0.029521 -0.011603 0.000000
130.090090 0.040161 0.029576 -0.011647 0.000000
130.270270 0.040160 0.029631 -0.011690 0.000000
130.450450 0.040160 0.029687 -0.011734 0.000000
130.630631 0.040160 0.029744 -0.011777 0.000000
130.810811 0.040161 0.029800 -0.011820 0.000000
130.990991 0.040161 0.029857 -0.011863 0.000000
131.171171 0.040162 0.029915 -0.011906 0.000000
131.351351 0.040164 0.029972 -0.011949 0.000000
131.531532 0.040165 0.030030 -0.011991 0.000000
131.711712 0.040167 0.030088 -0.012034 0.000000
131.891892 0.040169 0.030147 -0.012076 0.000000
132.072072 0.040171 0.030206 -0.012118 0.000000
132.252252 0.040174 0.030265 -0.012161 0.000000
132.432432 0.040176 0.030324 -0.012203 0.000000
132.612613 0.040179 0.030384 -0.012244 0.000000
132.792793 0.040182 0.030444 -0.012286 0.000000
132.972973 0.040186 0.030504 -0.012328 0.000000
133.153153 0.040190 0.030564 -0.012369 0.000000
133.333333 0.040194 0.030625 -0.012411 0.000000
133.513514 0.040198 0.030686 -0.012452 0.000000
133.693694 0.040202 0.030747 -0.012493 0.000000
133.873874 0.040207 0.030809 -0.012534 0.000000
134.054054 0.040212 0.030870 -0.012575 0.000000
134.234234 0.040217 0.030932 -0.012616 0.000000
134.414414 0.040222 0.030994 -0.012657 0.000000
134.594595 0.040227 0.031057 -0.012697 0.000000
134.774775 0.040233 0.031119 -0.012738 0.000000
134.954955 0.040239 0.031182 -0.012778 0.000000
135.135135 0.040245 0.031245 -0.012818 0.000000
135.315315 0.040251 0.031308 -0.012858 0.000000
135.495495 0.040258 0.031372 -0.012898 0.000000
135.675676 0.040265 0.031435 -0.012938 0.000000
135.855856 0.040272 0.031499 -0.012978 0.000000
136.036036 0.040279 0.031563 -0.013017 0.000000
136.216216 0.040286 0.031627 -0.013057 0.000000
136.396396 0.040293 0.031691 -0.013096 0.000000
136.576577 0.040301 0.031756 -0.013135 0.000000
136.756757 0.040309 0.031820 -0.013174 0.000000
136.936937 0.040317 0.031885 -0.013213 0.000000
137.117117 0.040325 0.031950 -0.013252 0.000000
137.297297 0.040334 0.032015 -0.013291 0.000000
137.477477 0.040342 0.032081 -0.013329 0.000000
137.657658 0.040351 0.032146 -0.013367 0.000000
137.837838 0.040360 0.032211 -0.013406 0.000000
138.018018 0.040369 0.032277 -0.013444 0.000000
138.198198 0.040378 0.032343 -0.013482 0.000000
138.378378 0.040387 0.032409 -0.013520 0.000000
138.558559 0.040397 0.032475 -0.013557 0.000000
138.738739 0.040407 0.032541 -0.013595 0.000000
138.918919 0.040416 0.032607 -0.013632 0.000000
139.099099 0.040426 0.032673 -0.013670 0.000000
139.279279 0.040437 0.032740 -0.013707 0.000000
139.459459 0.040447 0.032806 -0.013744 0.000000
139.639640 0.040457 0.032873 -0.013781 0.000000
139.819820 0.040468 0.032939 -0.013818 0.000000
140.000000 0.040479 0.033006 -0.013854 0.000000
140.180180 0.040489 0.033073 -0.013891 0.000000
140.360360 0.040500 0.033140 -0.013927 0.000000
140.540541 0.040512 0.033207 -0.013963 0.000000
140.720721 0.040523 0.033274 -0.013999 0.000000
140.900901 0.040534 0.033341 -0.014035 0.000000
141.081081 0.040546 0.033408 -0.014071 0.000000
141.261261 0.040557 0.033475 -0.014107 0.000000
141.441441 0.040569 0.033543 -0.014142 0.000000
141.621622 0.040581 0.033610 -0.014178 0.000000
141.801802 0.040593 0.033677 -0.014213 0.000000
141.981982 0.040605 0.033744 -0.014248 0.000000
142.162162 0.040617 0.033812 -0.014283 0.000000
142.342342 0.040629 0.033879 -0.014318 0.000000
142.522523 0.040642 0.033946 -0.014352 0.000000
142.702703 0.040654 0.034014 -0.014387 0.000000
142.882883 0.040667 0.034081 -0.014421 0.000000
143.063063 0.040680 0.034149 -0.014456 0.000000
143.243243 0.040692 0.034216 -0.014490 0.000000
143.423423 0.040705 0.034283 -0.014524 0.000000
143.603604 0.040718 0.034351 -0.014557 0.000000
143.783784 0.040731 0.034418 -0.014591 0.000000
143.963964 0.040745 0.034485 -0.014625 0.000000
144.144144 0.040758 0.034553 -0.014658 0.000000
144.324324 0.040771 0.034620 -0.014691 0.000000
144.504505 0.040785 0.034687 -0.014724 0.000000
144.684685 0.040798 0.034754 -0.014757 0.000000
144.864865 0.040812 0.034822 -0.014790 0.000000
145.045045 0.040825 0.034889 -0.014823 0.000000
145.225225 0.040839 0.034956 -0.014855 0.000000
145.405405 0.040853 0.035023 -0.014888 0.000000
145.585586 0.040867 0.035090 -0.014920 0.000000
145.765766 0.040881 0.035157 -0.014952 0.000000
145.945946 0.040895 0.035224 -0.014984 0.000000
146.126126 0.040909 0.035290 -0.015016 0.000000
146.306306 0.040923 0.035357 -0.015047 0.000000
146.486486 0.040937 0.035424 -0.015079 0.000000
146.666667 0.040951 0.035490 -0.015110 0.000000
146.846847 0.040965 0.035557 -0.015141 0.000000
147.027027 0.040980 0.035623 -0.015172 0.000000
147.207207 0.040994 0.035689 -0.015203 0.000000
147.387387 0.041009 0.035755 -0.015234 0.000000
147.567568 0.041023 0.035821 -0.015264 0.000000
147.747748 0.041038 0.035887 -0.015295 0.000000
147.927928 0.041052 0.035953 -0.015325 0.000000
148.108108 0.041067 0.036019 -0.015355 0.000000
148.288288 0.041081 0.036084 -0.015385 0.000000
148.468468 0.041096 0.036150 -0.015415 0.000000
148.648649 0.041111 0.036215 -0.015445 0.000000
148.828829 0.041125 0.036280 -0.015474 0.000000
149.009009 0.041140 0.036345 -0.015504 0.000000
149.189189 0.041155 0.036410 -0.015533 0.000000
149.369369 0.041170 0.036475 -0.015562 0.000000
149.549550 0.041185 0.036540 -0.015591 0.000000
149.729730 0.041200 0.036604 -0.015620 0.000000
149.909910 0.041214 0.036668 -0.015648 0.000000
150.090090 0.041229 0.036733 -0.015677 0.000000
150.270270 0.041244 0.036797 -0.015705 0.000000
150.450450 0.041259 0.036860 -0.015733 0.000000
150.630631 0.041274 0.036924 -0.015761 0.000000
150.810811 0.041289 0.036988 -0.015789 0.000000
150.990991 0.041304 0.037051 -0.015816 0.000000
151.171171 0.041319 0.037114 -0.015844 0.000000
151.351351 0.041334 0.037177 -0.015871 0.000000
151.531532 0.041349 0.037240 -0.015898 0.000000
151.711712 0.041364 0.037302 -0.015925 0.000000
151.891892 0.041379 0.037365 -0.015952 0.000000
152.072072 0.041394 0.037427 -0.015979 0.000000
152.252252 0.041409 0.037489 -0.016006 0.000000
152.432432 0.041424 0.037551 -0.016032 0.000000
152.612613 0.041439 0.037612 -0.016058 0.000000
152.792793 0.041454 0.037673 -0.016084 0.000000
152.972973 0.041469 0.037735 -0.016110 0.000000
153.153153 0.041484 0.037795 -0.016136 0.000000
153.333333 0.041499 0.037856 -0.016162 0.000000
153.513514 0.041514 0.037917 -0.016187 0.000000
153.693694 0.041529 0.037977 -0.016212 0.000000
153.873874 0.041544 0.038037 -0.016237 0.000000
154.054054 0.041558 0.038096 -0.016262 0.000000
154.234234 0.041573 0.038156 -0.016287 0.000000
154.414414 0.041588 0.038215 -0.016312 0.000000
154.594595 0.041603 0.038274 -0.016336 0.000000
154.774775 0.041618 0.038333 -0.016361 0.000000
154.954955 0.041632 0.038391 -0.016385 0.000000
155.135135 0.041647 0.038450 -0.016409 0.000000
155.315315 0.041662 0.038508 -0.016433 0.000000
155.495495 0.041676 0.038565 -0.016456 0.000000
155.675676 0.041691 0.038623 -0.016480 0.000000
155.855856 0.041706 0.038680 -0.016503 0.000000
156.036036 0.041720 0.038737 -0.016526 0.000000
156.216216 0.041735 0.038793 -0.016549 0.000000
156.396396 0.041749 0.038850 -0.016572 0.000000
156.576577 0.041763 0.038906 -0.016595 0.000000
156.756757 0.041778 0.038961 -0.016617 0.000000
156.936937 0.041792 0.039017 -0.016640 0.000000
157.117117 0.041806 0.039072 -0.016662 0.000000
157.297297 0.041821 0.039127 -0.016684 0.000000
157.477477 0.041835 0.039181 -0.016706 0.000000
157.657658 0.041849 0.039236 -0.016728 0.000000
157.837838 0.041863 0.039289 -0.016749 0.000000
158.018018 0.041877 0.039343 -0.016771 0.000000
158.198198 0.041891 0.039396 -0.016792 0.000000
158.378378 0.041905 0.039449 -0.016813 0.000000
158.558559 0.041919 0.039502 -0.016834 0.000000
158.738739 0.041933 0.039554 -0.016854 0.000000
158.918919 0.041946 0.039606 -0.016875 0.000000
159.099099 0.041960 0.039658 -0.016895 0.000000
159.279279 0.041974 0.039710 -0.016916 0.000000
159.459459 0.041987 0.039761 -0.016936 0.000000
159.639640 0.042000 0.039811 -0.016955 0.000000
159.819820 0.042014 0.039862 -0.016975 0.000000
160.000000 0.042027 0.039912 -0.016995 0.000000
160.180180 0.042040 0.039961 -0.017014 0.000000
160.360360 0.042054 0.040011 -0.017033 0.000000
160.540541 0.042067 0.040060 -0.017052 0.000000
160.720721 0.042080 0.040108 -0.017071 0.000000
160.900901 0.042093 0.040157 -0.017090 0.000000
161.081081 0.042106 0.040204 -0.017108 0.000000
161.261261 0.042118 0.040252 -0.017127 0.000000
161.441441 0.042131 0.040299 -0.017145 0.000000
161.621622 0.042144 0.040346 -0.017163 0.000000
161.801802 0.042156 0.040392 -0.017181 0.000000
161.981982 0.042169 0.040439 -0.017198 0.000000
162.162162 0.042181 0.040484 -0.017216 0.000000
162.342342 0.042194 0.040530 -0.017233 0.000000
162.522523 0.042206 0.040575 -0.017250 0.000000
162.702703 0.042218 0.040619 -0.017267 0.000000
162.882883 0.042230 0.040663 -0.017284 0.000000
163.063063 0.042242 0.040707 -0.017301 0.000000
163.243243 0.042254 0.040750 -0.017317 0.000000
163.423423 0.042266 0.040794 -0.017334 0.000000
163.603604 0.042277 0.040836 -0.017350 0.000000
163.783784 0.042289 0.040878 -0.017366 0.000000
163.963964 0.042300 0.040920 -0.017382 0.000000
164.144144 0.042312 0.040962 -0.017397 0.000000
164.324324 0.042323 0.041003 -0.017413 0.000000
164.504505 0.042334 0.041043 -0.017428 0.000000
164.684685 0.042345 0.041084 -0.017443 0.000000
164.864865 0.042356 0.041123 -0.017458 0.000000
165.045045 0.042367 0.041163 -0.017473 0.000000
165.225225 0.042378 0.041202 -0.017487 0.000000
165.405405 0.042389 0.041240 -0.017502 0.000000
165.585586 0.042399 0.041278 -0.017516 0.000000
165.765766 0.042410 0.041316 -0.017530 0.000000
165.945946 0.042420 0.041354 -0.017544 0.000000
166.126126 0.042430 0.041390 -0.017558 0.000000
166.306306 0.042440 0.041427 -0.017571 0.000000
166.486486 0.042450 0.041463 -0.017585 0.000000
166.666667 0.042460 0.041499 -0.017598 0.000000
166.846847 0.042470 0.041534 -0.017611 0.000000
167.027027 0.042480 0.041568 -0.017624 0.000000
167.207207 0.042490 0.041603 -0.017636 0.000000
167.387387 0.042499 0.041637 -0.017649 0.000000
167.567568 0.042508 0.041670 -0.017661 0.000000
167.747748 0.042518 0.041703 -0.017673 0.000000
167.927928 0.042527 0.041736 -0.017685 0.000000
168.108108 0.042536 0.041768 -0.017697 0.000000
168.288288 0.042545 0.041799 -0.017709 0.000000
168.468468 0.042553 0.041831 -0.017720 0.000000
168.648649 0.042562 0.041861 -0.017732 0.000000
168.828829 0.042571 0.041892 -0.017743 0.000000
169.009009 0.042579 0.041922 -0.017754 0.000000
169.189189 0.042587 0.041951 -0.017764 0.000000
169.369369 0.042596 0.041980 -0.017775 0.000000
169.549550 0.042604 0.042009 -0.017785 0.000000
169.729730 0.042611 0.042037 -0.017796 0.000000
169.909910 0.042619 0.042064 -0.017806 0.000000
170.090090 0.042627 0.042091 -0.017815 0.000000
170.270270 0.042635 0.042118 -0.017825 0.000000
170.450450 0.042642 0.042144 -0.017835 0.000000
170.630631 0.042649 0.042170 -0.017844 0.000000
170.810811 0.042656 0.042195 -0.017853 0.000000
170.990991 0.042663 0.042220 -0.017862 0.000000
171.171171 0.042670 0.042244 -0.017871 0.000000
171.351351 0.042677 0.042268 -0.017880 0.000000
171.531532 0.042684 0.042292 -0.017888 0.000000
171.711712 0.042690 0.042314 -0.017896 0.000000
171.891892 0.042697 0.042337 -0.017905 0.000000
172.072072 0.042703 0.042359 -0.017912 0.000000
172.252252 0.042709 0.042380 -0.017920 0.000000
172.432432 0.042715 0.042401 -0.017928 0.000000
172.612613 0.042721 0.042422 -0.017935 0.000000
172.792793 0.042727 0.042442 -0.017942 0.000000
172.972973 0.042732 0.042461 -0.017949 0.000000
173.153153 0.042738 0.042481 -0.017956 0.000000
173.333333 0.042743 0.042499 -0.017963 0.000000
173.513514 0.042748 0.042517 -0.017970 0.000000
173.693694 0.042753 0.042535 -0.017976 0.000000
173.873874 0.042758 0.042552 -0.017982 0.000000
174.054054 0.042763 0.042569 -0.017988 0.000000
174.234234 0.042767 0.042585 -0.017994 0.000000
174.414414 0.042772 0.042601 -0.017999 0.000000
174.594595 0.042776 0.042616 -0.018005 0.000000
174.774775 0.042780 0.042630 -0.018010 0.000000
174.954955 0.042785 0.042645 -0.018015 0.000000
175.135135 0.042788 0.042658 -0.018020 0.000000
175.315315 0.042792 0.042672 -0.018025 0.000000
175.495495 0.042796 0.042684 -0.018029 0.000000
175.675676 0.042799 0.042697 -0.018034 0.000000
175.855856 0.042803 0.042708 -0.018038 0.000000
176.036036 0.042806 0.042720 -0.018042 0.000000
176.216216 0.042809 0.042730 -0.018046 0.000000
176.396396 0.042812 0.042741 -0.018050 0.000000
176.576577 0.042815 0.042750 -0.018053 0.000000
176.756757 0.042818 0.042760 -0.018056 0.000000
176.936937 0.042820 0.042768 -0.018059 0.000000
177.117117 0.042822 0.042777 -0.018062 0.000000
177.297297 0.042825 0.042784 -0.018065 0.000000
177.477477 0.042827 0.042792 -0.018068 0.000000
177.657658 0.042829 0.042799 -0.018070 0.000000
177.837838 0.042831 0.042805 -0.018072 0.000000
178.018018 0.042832 0.042811 -0.018075 0.000000
178.198198 0.042834 0.042816 -0.018076 0.000000
178.378378 0.042835 0.042821 -0.018078 0.000000
178.558559 0.042836 0.042825 -0.018080 0.000000
178.738739 0.042837 0.042829 -0.018081 0.000000
178.918919 0.042838 0.042832 -0.018082 0.000000
179.099099 0.042839 0.042835 -0.018083 0.000000
179.279279 0.042840 0.042837 -0.018084 0.000000
179.459459 0.042840 0.042839 -0.018085 0.000000
179.639640 0.042841 0.042840 -0.018085 0.000000
179.819820 0.042841 0.042841 -0.018085 0.000000
180.000000 0.042841 0.042841 -0.018085 0.000000
